global_step,eval/single_objective_return
100000,126
200000,89
300000,157
400000,238
500000,4
600000,0
700000,0
800000,48
900000,80
1000000,35
1100000,113
1200000,49
1300000,82
1400000,84
1500000,123
1600000,117
1700000,125
1800000,192
1900000,117
2000000,117
2100000,77
2200000,83
2300000,86
2400000,75
2500000,205
2600000,76
2700000,87
2800000,113
2900000,24
3000000,24
